---===Base-DT Penguin default===---
---Section 4b---
Base-DT Penguin Confusion Matrix:
[[[28  0]
  [ 0 39]]

 [[57  0]
  [ 0 10]]

 [[49  0]
  [ 0 18]]

 ...

 [[67  0]
  [ 0  0]]

 [[26  0]
  [ 0 41]]

 [[41  0]
  [ 0 26]]]
---Section 4c---
Base-DT Penguin Classification Report:
              precision    recall  f1-score   support

           0       1.00      1.00      1.00        39
           1       1.00      1.00      1.00        10
           2       1.00      1.00      1.00        18
           3       1.00      1.00      1.00        35
           4       1.00      1.00      1.00        19
           5       1.00      1.00      1.00        13
           6       0.00      0.00      0.00         1
           7       0.00      0.00      0.00         1
           8       0.00      0.00      0.00         1
           9       0.00      0.00      0.00         0
          10       0.00      0.00      0.00         0
          11       0.00      0.00      0.00         0
          12       0.00      0.00      0.00         1
          13       0.00      0.00      0.00         0
          14       0.00      0.00      0.00         0
          15       0.00      0.00      0.00         0
          16       0.00      0.00      0.00         0
          17       0.00      0.00      0.00         2
          18       0.00      0.00      0.00         0
          19       0.00      0.00      0.00         1
          20       0.00      0.00      0.00         1
          21       0.00      0.00      0.00         1
          22       0.00      0.00      0.00         0
          23       0.00      0.00      0.00         0
          24       0.00      0.00      0.00         0
          25       0.00      0.00      0.00         1
          26       0.00      0.00      0.00         1
          27       0.00      0.00      0.00         1
          28       0.00      0.00      0.00         0
          29       0.00      0.00      0.00         1
          30       0.00      0.00      0.00         1
          31       0.00      0.00      0.00         1
          32       0.00      0.00      0.00         1
          33       0.00      0.00      0.00         0
          34       0.00      0.00      0.00         1
          35       0.00      0.00      0.00         0
          36       0.00      0.00      0.00         2
          37       0.00      0.00      0.00         0
          38       0.00      0.00      0.00         1
          39       0.00      0.00      0.00         1
          40       0.00      0.00      0.00         0
          41       0.00      0.00      0.00         1
          42       0.00      0.00      0.00         1
          43       0.00      0.00      0.00         0
          44       0.00      0.00      0.00         0
          45       0.00      0.00      0.00         0
          46       0.00      0.00      0.00         1
          47       0.00      0.00      0.00         0
          48       0.00      0.00      0.00         1
          49       0.00      0.00      0.00         0
          50       0.00      0.00      0.00         0
          51       0.00      0.00      0.00         2
          52       0.00      0.00      0.00         1
          53       0.00      0.00      0.00         0
          54       0.00      0.00      0.00         0
          55       0.00      0.00      0.00         1
          56       0.00      0.00      0.00         0
          57       0.00      0.00      0.00         1
          58       1.00      1.00      1.00         1
          59       0.00      0.00      0.00         0
          60       0.00      0.00      0.00         0
          61       0.00      0.00      0.00         1
          62       0.00      0.00      0.00         0
          63       0.00      0.00      0.00         1
          64       0.00      0.00      0.00         1
          65       0.00      0.00      0.00         1
          66       0.00      0.00      0.00         1
          67       0.00      0.00      0.00         1
          68       0.00      0.00      0.00         1
          69       0.00      0.00      0.00         1
          70       0.00      0.00      0.00         0
          71       0.00      0.00      0.00         0
          72       0.00      0.00      0.00         0
          73       0.00      0.00      0.00         0
          74       0.00      0.00      0.00         0
          75       0.00      0.00      0.00         1
          76       0.00      0.00      0.00         0
          77       0.00      0.00      0.00         0
          78       0.00      0.00      0.00         0
          79       0.00      0.00      0.00         0
          80       0.00      0.00      0.00         0
          81       0.00      0.00      0.00         3
          82       0.00      0.00      0.00         0
          83       0.00      0.00      0.00         0
          84       0.00      0.00      0.00         2
          85       0.00      0.00      0.00         0
          86       0.00      0.00      0.00         0
          87       0.00      0.00      0.00         0
          88       0.00      0.00      0.00         0
          89       0.00      0.00      0.00         0
          90       0.00      0.00      0.00         0
          91       0.00      0.00      0.00         0
          92       0.00      0.00      0.00         0
          93       0.00      0.00      0.00         1
          94       0.00      0.00      0.00         1
          95       0.00      0.00      0.00         1
          96       0.00      0.00      0.00         0
          97       0.00      0.00      0.00         1
          98       0.00      0.00      0.00         0
          99       0.50      1.00      0.67         1
         100       0.00      0.00      0.00         1
         101       0.00      0.00      0.00         1
         102       0.00      0.00      0.00         0
         103       0.00      0.00      0.00         0
         104       0.00      0.00      0.00         0
         105       0.00      0.00      0.00         0
         106       0.00      0.00      0.00         0
         107       0.00      0.00      0.00         0
         108       0.00      0.00      0.00         0
         109       0.00      0.00      0.00         2
         110       0.00      0.00      0.00         1
         111       0.00      0.00      0.00         0
         112       0.00      0.00      0.00         0
         113       0.00      0.00      0.00         0
         114       0.00      0.00      0.00         0
         115       0.00      0.00      0.00         0
         116       0.00      0.00      0.00         0
         117       0.00      0.00      0.00         1
         118       0.00      0.00      0.00         0
         119       0.00      0.00      0.00         0
         120       0.00      0.00      0.00         1
         121       0.00      0.00      0.00         0
         122       0.00      0.00      0.00         0
         123       0.00      0.00      0.00         0
         124       0.00      0.00      0.00         0
         125       0.00      0.00      0.00         0
         126       0.00      0.00      0.00         0
         127       0.00      0.00      0.00         1
         128       0.00      0.00      0.00         0
         129       0.00      0.00      0.00         0
         130       0.00      0.00      0.00         0
         131       0.00      0.00      0.00         0
         132       0.00      0.00      0.00         0
         133       0.00      0.00      0.00         0
         134       0.00      0.00      0.00         0
         135       0.00      0.00      0.00         1
         136       0.00      0.00      0.00         0
         137       0.00      0.00      0.00         1
         138       0.00      0.00      0.00         0
         139       0.00      0.00      0.00         0
         140       0.00      0.00      0.00         0
         141       0.00      0.00      0.00         0
         142       0.00      0.00      0.00         0
         143       0.00      0.00      0.00         0
         144       0.00      0.00      0.00         0
         145       0.00      0.00      0.00         1
         146       0.00      0.00      0.00         0
         147       0.00      0.00      0.00         0
         148       0.00      0.00      0.00         1
         149       0.00      0.00      0.00         1
         150       0.00      0.00      0.00         0
         151       0.00      0.00      0.00         0
         152       0.00      0.00      0.00         0
         153       0.00      0.00      0.00         0
         154       0.00      0.00      0.00         1
         155       0.00      0.00      0.00         0
         156       0.00      0.00      0.00         1
         157       0.00      0.00      0.00         0
         158       0.00      0.00      0.00         0
         159       0.00      0.00      0.00         1
         160       0.00      0.00      0.00         0
         161       0.00      0.00      0.00         0
         162       0.00      0.00      0.00         0
         163       0.00      0.00      0.00         1
         164       0.00      0.00      0.00         0
         165       0.00      0.00      0.00         0
         166       0.00      0.00      0.00         0
         167       0.00      0.00      0.00         0
         168       0.00      0.00      0.00         0
         169       0.00      0.00      0.00         0
         170       0.00      0.00      0.00         0
         171       0.00      0.00      0.00         0
         172       0.00      0.00      0.00         0
         173       0.00      0.00      0.00         0
         174       0.00      0.00      0.00         0
         175       0.00      0.00      0.00         1
         176       0.00      0.00      0.00         1
         177       0.00      0.00      0.00         0
         178       0.00      0.00      0.00         0
         179       0.00      0.00      0.00         0
         180       0.00      0.00      0.00         2
         181       0.00      0.00      0.00         0
         182       0.00      0.00      0.00         0
         183       0.00      0.00      0.00         3
         184       0.00      0.00      0.00         1
         185       0.00      0.00      0.00         1
         186       0.00      0.00      0.00         0
         187       0.00      0.00      0.00         0
         188       0.00      0.00      0.00         0
         189       0.00      0.00      0.00         0
         190       0.00      0.00      0.00         0
         191       0.00      0.00      0.00         1
         192       0.00      0.00      0.00         1
         193       0.00      0.00      0.00         1
         194       0.00      0.00      0.00         0
         195       0.00      0.00      0.00         1
         196       0.00      0.00      0.00         0
         197       0.00      0.00      0.00         1
         198       0.00      0.00      0.00         0
         199       0.00      0.00      0.00         2
         200       0.00      0.00      0.00         1
         201       0.00      0.00      0.00         1
         202       0.00      0.00      0.00         1
         203       0.00      0.00      0.00         2
         204       0.00      0.00      0.00         3
         205       0.00      0.00      0.00         0
         206       0.00      0.00      0.00         0
         207       0.00      0.00      0.00         1
         208       0.00      0.00      0.00         4
         209       0.00      0.00      0.00         3
         210       0.00      0.00      0.00         3
         211       0.00      0.00      0.00         2
         212       0.00      0.00      0.00         0
         213       0.00      0.00      0.00         1
         214       0.00      0.00      0.00         1
         215       0.00      0.00      0.00         0
         216       0.50      1.00      0.67         1
         217       0.00      0.00      0.00         3
         218       0.00      0.00      0.00         1
         219       0.00      0.00      0.00         2
         220       0.00      0.00      0.00         0
         221       0.00      0.00      0.00         1
         222       0.00      0.00      0.00         2
         223       0.00      0.00      0.00         2
         224       0.00      0.00      0.00         3
         225       0.00      0.00      0.00         0
         226       0.00      0.00      0.00         1
         227       0.00      0.00      0.00         0
         228       0.00      0.00      0.00         3
         229       0.00      0.00      0.00         0
         230       0.00      0.00      0.00         1
         231       0.00      0.00      0.00         0
         232       0.00      0.00      0.00         1
         233       0.00      0.00      0.00         0
         234       0.00      0.00      0.00         1
         235       0.00      0.00      0.00         0
         236       0.00      0.00      0.00         0
         237       0.00      0.00      0.00         0
         238       0.00      0.00      0.00         3
         239       0.00      0.00      0.00         0
         240       0.00      0.00      0.00         0
         241       0.00      0.00      0.00         0
         242       0.00      0.00      0.00         0
         243       0.00      0.00      0.00         2
         244       0.00      0.00      0.00         0
         245       0.00      0.00      0.00         1
         246       0.00      0.00      0.00         0
         247       0.00      0.00      0.00         0
         248       0.00      0.00      0.00         0
         249       0.00      0.00      0.00         1
         250       0.00      0.00      0.00         1
         251       0.00      0.00      0.00         2
         252       0.00      0.00      0.00         0
         253       0.00      0.00      0.00         2
         254       0.00      0.00      0.00         1
         255       0.00      0.00      0.00         1
         256       0.00      0.00      0.00         1
         257       1.00      0.33      0.50         3
         258       0.00      0.00      0.00         1
         259       0.50      0.50      0.50         4
         260       0.00      0.00      0.00         1
         261       1.00      0.33      0.50         3
         262       0.33      0.14      0.20         7
         263       0.33      0.25      0.29         4
         264       0.25      1.00      0.40         1
         265       0.00      0.00      0.00         1
         266       0.00      0.00      0.00         0
         267       0.17      0.25      0.20         4
         268       0.00      0.00      0.00         2
         269       0.67      0.67      0.67         3
         270       0.00      0.00      0.00         1
         271       0.00      0.00      0.00         2
         272       0.00      0.00      0.00         0
         273       0.00      0.00      0.00         1
         274       0.00      0.00      0.00         1
         275       0.00      0.00      0.00         0
         276       1.00      1.00      1.00         1
         277       0.00      0.00      0.00         0
         278       0.00      0.00      0.00         1
         279       1.00      1.00      1.00         1
         280       0.00      0.00      0.00         0
         281       1.00      1.00      1.00         3
         282       0.00      0.00      0.00         0
         283       0.00      0.00      0.00         0
         284       0.00      0.00      0.00         0
         285       0.00      0.00      0.00         0
         286       1.00      1.00      1.00         3
         287       0.00      0.00      0.00         1
         288       0.00      0.00      0.00         0
         289       0.00      0.00      0.00         1
         290       0.33      1.00      0.50         1
         291       0.00      0.00      0.00         1
         292       0.00      0.00      0.00         0
         293       0.00      0.00      0.00         0
         294       0.00      0.00      0.00         0
         295       0.00      0.00      0.00         0
         296       1.00      1.00      1.00         1
         297       0.00      0.00      0.00         0
         298       1.00      1.00      1.00         2
         299       1.00      1.00      1.00         1
         300       0.50      1.00      0.67         1
         301       0.00      0.00      0.00         1
         302       0.00      0.00      0.00         0
         303       0.00      0.00      0.00         1
         304       0.00      0.00      0.00         2
         305       0.00      0.00      0.00         0
         306       0.00      0.00      0.00         0
         307       0.00      0.00      0.00         2
         308       0.00      0.00      0.00         0
         309       0.00      0.00      0.00         1
         310       0.00      0.00      0.00         1
         311       0.00      0.00      0.00         1
         312       1.00      0.25      0.40         4
         313       0.00      0.00      0.00         0
         314       0.00      0.00      0.00         0
         315       0.00      0.00      0.00         1
         316       0.00      0.00      0.00         2
         317       0.00      0.00      0.00         2
         318       0.50      0.33      0.40         3
         319       0.00      0.00      0.00         0
         320       0.00      0.00      0.00         1
         321       0.00      0.00      0.00         1
         322       0.33      0.50      0.40         2
         323       0.00      0.00      0.00         0
         324       0.00      0.00      0.00         2
         325       0.00      0.00      0.00         1
         326       0.00      0.00      0.00         3
         327       0.00      0.00      0.00         0
         328       0.00      0.00      0.00         0
         329       0.00      0.00      0.00         0
         330       0.00      0.00      0.00         2
         331       0.00      0.00      0.00         0
         332       0.00      0.00      0.00         1
         333       0.00      0.00      0.00         0
         334       0.00      0.00      0.00         2
         335       0.00      0.00      0.00         0
         336       0.00      0.00      0.00         0
         337       0.00      0.00      0.00         0
         338       0.00      0.00      0.00         4
         339       0.00      0.00      0.00         1
         340       0.00      0.00      0.00         0
         341       0.00      0.00      0.00         1
         342       0.00      0.00      0.00         0
         343       0.00      0.00      0.00         0
         344       0.00      0.00      0.00         0
         345       0.00      0.00      0.00         1
         346       0.00      0.00      0.00         1
         347       0.00      0.00      0.00         1
         348       0.00      0.00      0.00         0
         349       0.00      0.00      0.00         1
         350       0.00      0.00      0.00         0
         351       0.00      0.00      0.00         0
         352       0.00      0.00      0.00         1
         353       0.00      0.00      0.00         2
         354       0.00      0.00      0.00         0
         355       0.00      0.00      0.00         1
         356       0.00      0.00      0.00         1
         357       0.00      0.00      0.00         0
         358       0.00      0.00      0.00         0
         359       0.00      0.00      0.00         0
         360       0.00      0.00      0.00         0
         361       0.00      0.00      0.00         1
         362       0.00      0.00      0.00         2
         363       0.00      0.00      0.00         0
         364       0.00      0.00      0.00         1
         365       0.00      0.00      0.00         1
         366       0.00      0.00      0.00         0
         367       0.00      0.00      0.00         0
         368       0.00      0.00      0.00         0
         369       0.00      0.00      0.00         0
         370       0.00      0.00      0.00         0
         371       0.00      0.00      0.00         0
         372       0.00      0.00      0.00         0
         373       0.00      0.00      0.00         0
         374       0.00      0.00      0.00         1
         375       0.00      0.00      0.00         0
         376       0.00      0.00      0.00         1
         377       0.00      0.00      0.00         1
         378       0.00      0.00      0.00         1
         379       0.00      0.00      0.00         1
         380       0.00      0.00      0.00         0
         381       0.00      0.00      0.00         2
         382       0.00      0.00      0.00         0
         383       0.00      0.00      0.00         0
         384       0.00      0.00      0.00         1
         385       0.00      0.00      0.00         1
         386       0.00      0.00      0.00         1
         387       1.00      1.00      1.00         1
         388       0.00      0.00      0.00         0
         389       0.00      0.00      0.00         0
         390       0.00      0.00      0.00         0
         391       0.00      0.00      0.00         1
         392       0.00      0.00      0.00         0
         393       0.00      0.00      0.00         0
         394       0.00      0.00      0.00         0
         395       1.00      1.00      1.00        41
         396       1.00      1.00      1.00        26

   micro avg       0.49      0.49      0.49       469
   macro avg       0.06      0.06      0.06       469
weighted avg       0.51      0.49      0.49       469
 samples avg       0.49      0.49      0.49       469

---Section 4d---
Accuracy: 0.0
Macro-average F1: 0.06033345328055655
Weighted-average F1: 0.4943344501979896
---Section 5a---
Average accuracy: 0.0
Accuracy variance: 0.0
---Section 5b---
Average macro-average F1: 0.0650765970665215
Macro-average F1 variance: 1.9592124056138607e-05
---Section 5c---
Average weighted-average F1: 0.49966749194894183
Weighted-average F1 variance: 2.0797734429839804e-05
---===Top-DT Penguin {'criterion': 'gini', 'max_depth': 3, 'min_samples_split': 2}===---
---Section 4b---
Top-DT Penguin Confusion Matrix:
[[[28  0]
  [ 0 39]]

 [[57  0]
  [ 0 10]]

 [[49  0]
  [ 0 18]]

 ...

 [[67  0]
  [ 0  0]]

 [[26  0]
  [ 0 41]]

 [[41  0]
  [ 0 26]]]
---Section 4c---
Top-DT Penguin Classification Report:
              precision    recall  f1-score   support

           0       1.00      1.00      1.00        39
           1       1.00      1.00      1.00        10
           2       1.00      1.00      1.00        18
           3       1.00      0.51      0.68        35
           4       1.00      0.53      0.69        19
           5       0.00      0.00      0.00        13
           6       0.00      0.00      0.00         1
           7       0.00      0.00      0.00         1
           8       0.00      0.00      0.00         1
           9       0.00      0.00      0.00         0
          10       0.00      0.00      0.00         0
          11       0.00      0.00      0.00         0
          12       0.00      0.00      0.00         1
          13       0.00      0.00      0.00         0
          14       0.00      0.00      0.00         0
          15       0.00      0.00      0.00         0
          16       0.00      0.00      0.00         0
          17       0.00      0.00      0.00         2
          18       0.00      0.00      0.00         0
          19       0.00      0.00      0.00         1
          20       0.00      0.00      0.00         1
          21       0.00      0.00      0.00         1
          22       0.00      0.00      0.00         0
          23       0.00      0.00      0.00         0
          24       0.00      0.00      0.00         0
          25       0.00      0.00      0.00         1
          26       0.00      0.00      0.00         1
          27       0.00      0.00      0.00         1
          28       0.00      0.00      0.00         0
          29       0.00      0.00      0.00         1
          30       0.00      0.00      0.00         1
          31       0.00      0.00      0.00         1
          32       0.00      0.00      0.00         1
          33       0.00      0.00      0.00         0
          34       0.00      0.00      0.00         1
          35       0.00      0.00      0.00         0
          36       0.00      0.00      0.00         2
          37       0.00      0.00      0.00         0
          38       0.00      0.00      0.00         1
          39       0.00      0.00      0.00         1
          40       0.00      0.00      0.00         0
          41       0.00      0.00      0.00         1
          42       0.00      0.00      0.00         1
          43       0.00      0.00      0.00         0
          44       0.00      0.00      0.00         0
          45       0.00      0.00      0.00         0
          46       0.00      0.00      0.00         1
          47       0.00      0.00      0.00         0
          48       0.00      0.00      0.00         1
          49       0.00      0.00      0.00         0
          50       0.00      0.00      0.00         0
          51       0.00      0.00      0.00         2
          52       0.00      0.00      0.00         1
          53       0.00      0.00      0.00         0
          54       0.00      0.00      0.00         0
          55       0.00      0.00      0.00         1
          56       0.00      0.00      0.00         0
          57       0.00      0.00      0.00         1
          58       0.00      0.00      0.00         1
          59       0.00      0.00      0.00         0
          60       0.00      0.00      0.00         0
          61       0.00      0.00      0.00         1
          62       0.00      0.00      0.00         0
          63       0.00      0.00      0.00         1
          64       0.00      0.00      0.00         1
          65       0.00      0.00      0.00         1
          66       0.00      0.00      0.00         1
          67       0.00      0.00      0.00         1
          68       0.00      0.00      0.00         1
          69       0.00      0.00      0.00         1
          70       0.00      0.00      0.00         0
          71       0.00      0.00      0.00         0
          72       0.00      0.00      0.00         0
          73       0.00      0.00      0.00         0
          74       0.00      0.00      0.00         0
          75       0.00      0.00      0.00         1
          76       0.00      0.00      0.00         0
          77       0.00      0.00      0.00         0
          78       0.00      0.00      0.00         0
          79       0.00      0.00      0.00         0
          80       0.00      0.00      0.00         0
          81       0.00      0.00      0.00         3
          82       0.00      0.00      0.00         0
          83       0.00      0.00      0.00         0
          84       0.00      0.00      0.00         2
          85       0.00      0.00      0.00         0
          86       0.00      0.00      0.00         0
          87       0.00      0.00      0.00         0
          88       0.00      0.00      0.00         0
          89       0.00      0.00      0.00         0
          90       0.00      0.00      0.00         0
          91       0.00      0.00      0.00         0
          92       0.00      0.00      0.00         0
          93       0.00      0.00      0.00         1
          94       0.00      0.00      0.00         1
          95       0.00      0.00      0.00         1
          96       0.00      0.00      0.00         0
          97       0.00      0.00      0.00         1
          98       0.00      0.00      0.00         0
          99       0.00      0.00      0.00         1
         100       0.00      0.00      0.00         1
         101       0.00      0.00      0.00         1
         102       0.00      0.00      0.00         0
         103       0.00      0.00      0.00         0
         104       0.00      0.00      0.00         0
         105       0.00      0.00      0.00         0
         106       0.00      0.00      0.00         0
         107       0.00      0.00      0.00         0
         108       0.00      0.00      0.00         0
         109       0.00      0.00      0.00         2
         110       0.00      0.00      0.00         1
         111       0.00      0.00      0.00         0
         112       0.00      0.00      0.00         0
         113       0.00      0.00      0.00         0
         114       0.00      0.00      0.00         0
         115       0.00      0.00      0.00         0
         116       0.00      0.00      0.00         0
         117       0.00      0.00      0.00         1
         118       0.00      0.00      0.00         0
         119       0.00      0.00      0.00         0
         120       0.00      0.00      0.00         1
         121       0.00      0.00      0.00         0
         122       0.00      0.00      0.00         0
         123       0.00      0.00      0.00         0
         124       0.00      0.00      0.00         0
         125       0.00      0.00      0.00         0
         126       0.00      0.00      0.00         0
         127       0.00      0.00      0.00         1
         128       0.00      0.00      0.00         0
         129       0.00      0.00      0.00         0
         130       0.00      0.00      0.00         0
         131       0.00      0.00      0.00         0
         132       0.00      0.00      0.00         0
         133       0.00      0.00      0.00         0
         134       0.00      0.00      0.00         0
         135       0.00      0.00      0.00         1
         136       0.00      0.00      0.00         0
         137       0.00      0.00      0.00         1
         138       0.00      0.00      0.00         0
         139       0.00      0.00      0.00         0
         140       0.00      0.00      0.00         0
         141       0.00      0.00      0.00         0
         142       0.00      0.00      0.00         0
         143       0.00      0.00      0.00         0
         144       0.00      0.00      0.00         0
         145       0.00      0.00      0.00         1
         146       0.00      0.00      0.00         0
         147       0.00      0.00      0.00         0
         148       0.00      0.00      0.00         1
         149       0.00      0.00      0.00         1
         150       0.00      0.00      0.00         0
         151       0.00      0.00      0.00         0
         152       0.00      0.00      0.00         0
         153       0.00      0.00      0.00         0
         154       0.00      0.00      0.00         1
         155       0.00      0.00      0.00         0
         156       0.00      0.00      0.00         1
         157       0.00      0.00      0.00         0
         158       0.00      0.00      0.00         0
         159       0.00      0.00      0.00         1
         160       0.00      0.00      0.00         0
         161       0.00      0.00      0.00         0
         162       0.00      0.00      0.00         0
         163       0.00      0.00      0.00         1
         164       0.00      0.00      0.00         0
         165       0.00      0.00      0.00         0
         166       0.00      0.00      0.00         0
         167       0.00      0.00      0.00         0
         168       0.00      0.00      0.00         0
         169       0.00      0.00      0.00         0
         170       0.00      0.00      0.00         0
         171       0.00      0.00      0.00         0
         172       0.00      0.00      0.00         0
         173       0.00      0.00      0.00         0
         174       0.00      0.00      0.00         0
         175       0.00      0.00      0.00         1
         176       0.00      0.00      0.00         1
         177       0.00      0.00      0.00         0
         178       0.00      0.00      0.00         0
         179       0.00      0.00      0.00         0
         180       0.00      0.00      0.00         2
         181       0.00      0.00      0.00         0
         182       0.00      0.00      0.00         0
         183       0.00      0.00      0.00         3
         184       0.00      0.00      0.00         1
         185       0.00      0.00      0.00         1
         186       0.00      0.00      0.00         0
         187       0.00      0.00      0.00         0
         188       0.00      0.00      0.00         0
         189       0.00      0.00      0.00         0
         190       0.00      0.00      0.00         0
         191       0.00      0.00      0.00         1
         192       0.00      0.00      0.00         1
         193       0.00      0.00      0.00         1
         194       0.00      0.00      0.00         0
         195       0.00      0.00      0.00         1
         196       0.00      0.00      0.00         0
         197       0.00      0.00      0.00         1
         198       0.00      0.00      0.00         0
         199       0.00      0.00      0.00         2
         200       0.00      0.00      0.00         1
         201       0.00      0.00      0.00         1
         202       0.00      0.00      0.00         1
         203       0.00      0.00      0.00         2
         204       0.00      0.00      0.00         3
         205       0.00      0.00      0.00         0
         206       0.00      0.00      0.00         0
         207       0.00      0.00      0.00         1
         208       0.00      0.00      0.00         4
         209       0.00      0.00      0.00         3
         210       0.00      0.00      0.00         3
         211       0.00      0.00      0.00         2
         212       0.00      0.00      0.00         0
         213       0.00      0.00      0.00         1
         214       0.00      0.00      0.00         1
         215       0.00      0.00      0.00         0
         216       0.00      0.00      0.00         1
         217       0.00      0.00      0.00         3
         218       0.00      0.00      0.00         1
         219       0.00      0.00      0.00         2
         220       0.00      0.00      0.00         0
         221       0.00      0.00      0.00         1
         222       0.00      0.00      0.00         2
         223       0.00      0.00      0.00         2
         224       0.00      0.00      0.00         3
         225       0.00      0.00      0.00         0
         226       0.00      0.00      0.00         1
         227       0.00      0.00      0.00         0
         228       0.00      0.00      0.00         3
         229       0.00      0.00      0.00         0
         230       0.00      0.00      0.00         1
         231       0.00      0.00      0.00         0
         232       0.00      0.00      0.00         1
         233       0.00      0.00      0.00         0
         234       0.00      0.00      0.00         1
         235       0.00      0.00      0.00         0
         236       0.00      0.00      0.00         0
         237       0.00      0.00      0.00         0
         238       0.00      0.00      0.00         3
         239       0.00      0.00      0.00         0
         240       0.00      0.00      0.00         0
         241       0.00      0.00      0.00         0
         242       0.00      0.00      0.00         0
         243       0.00      0.00      0.00         2
         244       0.00      0.00      0.00         0
         245       0.00      0.00      0.00         1
         246       0.00      0.00      0.00         0
         247       0.00      0.00      0.00         0
         248       0.00      0.00      0.00         0
         249       0.00      0.00      0.00         1
         250       0.00      0.00      0.00         1
         251       0.00      0.00      0.00         2
         252       0.00      0.00      0.00         0
         253       0.00      0.00      0.00         2
         254       0.00      0.00      0.00         1
         255       0.00      0.00      0.00         1
         256       0.00      0.00      0.00         1
         257       0.00      0.00      0.00         3
         258       0.00      0.00      0.00         1
         259       0.00      0.00      0.00         4
         260       0.00      0.00      0.00         1
         261       0.00      0.00      0.00         3
         262       0.00      0.00      0.00         7
         263       0.00      0.00      0.00         4
         264       0.00      0.00      0.00         1
         265       0.00      0.00      0.00         1
         266       0.00      0.00      0.00         0
         267       0.00      0.00      0.00         4
         268       0.00      0.00      0.00         2
         269       0.00      0.00      0.00         3
         270       0.00      0.00      0.00         1
         271       0.00      0.00      0.00         2
         272       0.00      0.00      0.00         0
         273       0.00      0.00      0.00         1
         274       0.00      0.00      0.00         1
         275       0.00      0.00      0.00         0
         276       0.00      0.00      0.00         1
         277       0.00      0.00      0.00         0
         278       0.00      0.00      0.00         1
         279       0.00      0.00      0.00         1
         280       0.00      0.00      0.00         0
         281       0.00      0.00      0.00         3
         282       0.00      0.00      0.00         0
         283       0.00      0.00      0.00         0
         284       0.00      0.00      0.00         0
         285       0.00      0.00      0.00         0
         286       0.00      0.00      0.00         3
         287       0.00      0.00      0.00         1
         288       0.00      0.00      0.00         0
         289       0.00      0.00      0.00         1
         290       0.00      0.00      0.00         1
         291       0.00      0.00      0.00         1
         292       0.00      0.00      0.00         0
         293       0.00      0.00      0.00         0
         294       0.00      0.00      0.00         0
         295       0.00      0.00      0.00         0
         296       0.00      0.00      0.00         1
         297       0.00      0.00      0.00         0
         298       0.00      0.00      0.00         2
         299       0.00      0.00      0.00         1
         300       0.50      1.00      0.67         1
         301       0.00      0.00      0.00         1
         302       0.00      0.00      0.00         0
         303       0.00      0.00      0.00         1
         304       0.00      0.00      0.00         2
         305       0.00      0.00      0.00         0
         306       0.00      0.00      0.00         0
         307       0.00      0.00      0.00         2
         308       0.00      0.00      0.00         0
         309       0.00      0.00      0.00         1
         310       0.00      0.00      0.00         1
         311       0.00      0.00      0.00         1
         312       0.00      0.00      0.00         4
         313       0.00      0.00      0.00         0
         314       0.00      0.00      0.00         0
         315       0.00      0.00      0.00         1
         316       0.00      0.00      0.00         2
         317       0.00      0.00      0.00         2
         318       0.00      0.00      0.00         3
         319       0.00      0.00      0.00         0
         320       0.00      0.00      0.00         1
         321       0.00      0.00      0.00         1
         322       0.00      0.00      0.00         2
         323       0.00      0.00      0.00         0
         324       0.00      0.00      0.00         2
         325       0.00      0.00      0.00         1
         326       0.00      0.00      0.00         3
         327       0.00      0.00      0.00         0
         328       0.00      0.00      0.00         0
         329       0.00      0.00      0.00         0
         330       0.00      0.00      0.00         2
         331       0.00      0.00      0.00         0
         332       0.00      0.00      0.00         1
         333       0.00      0.00      0.00         0
         334       0.00      0.00      0.00         2
         335       0.00      0.00      0.00         0
         336       0.00      0.00      0.00         0
         337       0.00      0.00      0.00         0
         338       0.00      0.00      0.00         4
         339       0.00      0.00      0.00         1
         340       0.00      0.00      0.00         0
         341       0.00      0.00      0.00         1
         342       0.00      0.00      0.00         0
         343       0.00      0.00      0.00         0
         344       0.00      0.00      0.00         0
         345       0.00      0.00      0.00         1
         346       0.00      0.00      0.00         1
         347       0.00      0.00      0.00         1
         348       0.00      0.00      0.00         0
         349       0.00      0.00      0.00         1
         350       0.00      0.00      0.00         0
         351       0.00      0.00      0.00         0
         352       0.00      0.00      0.00         1
         353       0.00      0.00      0.00         2
         354       0.00      0.00      0.00         0
         355       0.00      0.00      0.00         1
         356       0.00      0.00      0.00         1
         357       0.00      0.00      0.00         0
         358       0.00      0.00      0.00         0
         359       0.00      0.00      0.00         0
         360       0.00      0.00      0.00         0
         361       0.00      0.00      0.00         1
         362       0.00      0.00      0.00         2
         363       0.00      0.00      0.00         0
         364       0.00      0.00      0.00         1
         365       0.00      0.00      0.00         1
         366       0.00      0.00      0.00         0
         367       0.00      0.00      0.00         0
         368       0.00      0.00      0.00         0
         369       0.00      0.00      0.00         0
         370       0.00      0.00      0.00         0
         371       0.00      0.00      0.00         0
         372       0.00      0.00      0.00         0
         373       0.00      0.00      0.00         0
         374       0.00      0.00      0.00         1
         375       0.00      0.00      0.00         0
         376       0.00      0.00      0.00         1
         377       0.00      0.00      0.00         1
         378       0.00      0.00      0.00         1
         379       0.00      0.00      0.00         1
         380       0.00      0.00      0.00         0
         381       0.00      0.00      0.00         2
         382       0.00      0.00      0.00         0
         383       0.00      0.00      0.00         0
         384       0.00      0.00      0.00         1
         385       0.00      0.00      0.00         1
         386       0.00      0.00      0.00         1
         387       0.00      0.00      0.00         1
         388       0.00      0.00      0.00         0
         389       0.00      0.00      0.00         0
         390       0.00      0.00      0.00         0
         391       0.00      0.00      0.00         1
         392       0.00      0.00      0.00         0
         393       0.00      0.00      0.00         0
         394       0.00      0.00      0.00         0
         395       1.00      1.00      1.00        41
         396       1.00      1.00      1.00        26

   micro avg       0.99      0.35      0.52       469
   macro avg       0.02      0.02      0.02       469
weighted avg       0.40      0.35      0.37       469
 samples avg       1.00      0.35      0.51       469

---Section 4d---
Accuracy: 0.0
Macro-average F1: 0.017721831541811905
Weighted-average F1: 0.36576481843963554
---Section 5a---
Average accuracy: 0.0
Accuracy variance: 0.0
---Section 5b---
Average macro-average F1: 0.0413992143041667
Macro-average F1 variance: 0.0005704145165031253
---Section 5c---
Average weighted-average F1: 0.43271615519428863
Weighted-average F1 variance: 0.004492880360449891
---===Base-MLP Penguin default, logistic, sgd===---
---Section 4b---
Base-MLP Penguin Confusion Matrix:
[[[ 0 28]
  [ 0 39]]

 [[57  0]
  [10  0]]

 [[49  0]
  [18  0]]]
---Section 4c---
Base-MLP Penguin Classification Report:
              precision    recall  f1-score   support

      Adelie       0.58      1.00      0.74        39
   Chinstrap       0.00      0.00      0.00        10
      Gentoo       0.00      0.00      0.00        18

    accuracy                           0.58        67
   macro avg       0.19      0.33      0.25        67
weighted avg       0.34      0.58      0.43        67

---Section 4d---
Accuracy: 0.582089552238806
Macro-average F1: 0.2452830188679245
Weighted-average F1: 0.4283300478738383
---Section 5a---
Average accuracy: 0.1164179104477612
Accuracy variance: 0.05421251949209178
---Section 5b---
Average macro-average F1: 0.06869735148739167
Macro-average F1 variance: 0.00826998542039966
---Section 5c---
Average weighted-average F1: 0.35532421658921576
Weighted-average F1 variance: 0.014393363244409051
---===Top-MLP Penguin {'activation': 'tanh', 'hidden_layer_sizes': (50, 50, 50), 'max_iter': 200, 'solver': 'adam'}===---
---Section 4b---
Top-MLP Penguin Confusion Matrix:
[[[26  2]
  [11 28]]

 [[53  4]
  [ 0 10]]

 [[42  7]
  [ 2 16]]]
---Section 4c---
Top-MLP Penguin Classification Report:
              precision    recall  f1-score   support

      Adelie       0.93      0.72      0.81        39
   Chinstrap       0.71      1.00      0.83        10
      Gentoo       0.70      0.89      0.78        18

    accuracy                           0.81        67
   macro avg       0.78      0.87      0.81        67
weighted avg       0.84      0.81      0.81        67

---Section 4d---
Accuracy: 0.8059701492537313
Macro-average F1: 0.8084717803699778
Weighted-average F1: 0.8064819064803237
---Section 5a---
Average accuracy: 0.23134328358208958
Accuracy variance: 0.11121630652706616
---Section 5b---
Average macro-average F1: 0.19199308963448933
Macro-average F1 variance: 0.0829008497431881
---Section 5c---
Average weighted-average F1: 0.4305171649044004
Weighted-average F1 variance: 0.04026436675199103
